79
76
44
89
40
84
70
57
67
72
38
69
53
67
71
64
57
72
57
66
74
71
55
74
51
48
83
65
70
66
55
57
61
26
57
69
70
79
69
79
79
77
61
63
66
88
72
69
87
67
80
54
71
44
81
78
68
67
76
78
62
51
71
67
72
83
69
40
51
71
68
51
84
74
74
76
69
83
52
79
67
49
67
64
53
57
59
75
60
63
73
71
60
59
54
65
56
56
80
70
75
62
80
64
67
67
72
47
49
83
85
74
48
63
53
81
35
64
63
67
79
77
60
59
75
54
64
34
53
58
64
61
61
79
83
55
74
62
81
62
64
70
73
63
58
53
52
51
59
56
59
43
65
48
78
79
58
54
71
73
72
70
68
58
65
63
66
57
43
68
64
87
58
81
75
44
54
46
65
40
79
75
63
71
58
71
73
58
65
79
75
42
84
48
59
80
61
49
49
59
63
75
76
69
74
62
71
60
49
52
38
74
69
69
73
62
56
70
59
76
45
82
57
62
52
61
51
68
57
75
48
62
75
63
63
58
74
84
67
56
80
76
65
47
51
59
54
72
57
61
51
53
43
40
66
56
75
53
71
75
41
73
61
58
57
67
59
60
29
62
63
68
59
70
85
32
74
78
83
40
70
68
62
69
78
58
67
74
70
72
59
44
71
60
82
55
60
62
46
71
63
64
78
63
38
62
67
82
61
64
81
71
58
73
53
67
63
49
53
70
70
68
61
75
67
54
50
72
43
63
71
41
86
71
67
58
59
78
45
48
74
71
52
79
57
40
56
75
53
79
38
78
57
58
59
72
68
48
73
48
67
39
47
73
86
63
54
75
57
78
58
37
54
60
55
62
44
59
53
56
70
61
61
61
70
74
85
69
75
46
70
44
47
54
55
74
53
34
69
78
55
57
49
76
66
87
56
58
79
65
65
56
54
80
60
74
75
82
69
68
50
72
73
76
52
60
72
39
39
66
80
79
63
60
48
63
77
69
76
78
50
58
63
57
76
69
67
62
76
54
74
66
54
42
40
65
52
62
67
60
56
56
70
50
47
54
54
72
55
69
67
69
82
75
72
60
69
67
67
71
82
55
74
75
48
71
54
62
66
72
62
42
68
64
46
42
64
61
69
72
54
41
57
68
60
71
71
65
49
69
67
63
57
41
78
56
84
66
21
78
56
63
71
76
56
51
52
70
49
64
36
42
63
70
81
77
58
79
81
61
56
57
60
71
55
66
56
56
72
63
72
57
74
61
62
57
84
91
59
67
42
50
60
51
70
84
60
76
49
48
66
67
82
77
41
68
82
56
64
69
70
74
71
68
74
66
68
80
64
63
66
64
71
61
49
62
83
49
67
63
69
75
60
93
60
82
66
66
63
54
62
62
60
60
54
62
71
74
58
60
59
52
76
61
56
66
62
49
45
72
69
69
69
61
41
73
73
56
67
32
71
64
74
52
64
42
50
66
71
64
52
57
83
58
72
68
35
64
50
65
64
52
44
28
74
77
61
66
65
40
63
54
36
33
61
69
35
75
46
61
55
67
64
66
56
57
73
71
66
-17
56
63
68
34
70
58
73
58
43
-17
76
78
52
74
64
72
55
70
71
56
55
62
56
56
34
84
56
71
64
67
67
58
80
56
52
67
66
53
50
56
39
74
66
61
58
66
52
58
26
71
55
51
72
63
81
34
71
76
60
63
74
69
74
63
57
69
85
67
29
79
76
59
42
53
67
54
69
70
83
76
70
46
35
85
74
59
74
66
76
64
69
59
75
75
69
48
57
56
73
61
59
60
59
65
61
83
46
59
73
66
74
50
50
53
54
57
49
42
75
81
71
60
50
75
53
79
46
51
76
52
51
51
62
45
47
50
63
75
76
48
52
40
65
53
60
50
72
59
43
59
70
63
74
74
75
47
69
63
58
73
71
47
56
77
80
69
61
85
74
59
76
62
57
70
63
79
30
83
51
62
46
73
77
51
79
80
70
70
75
60
59
61
54
53
59
58
65
46
54
65
60
68
61
74
76
65
76
51
83
52
77
48
48
86
24
63
73
71
48
42
72
57
66
48
44
47
65
73
51
32
57
83
55
58
50
56
58
48
59
62
48
72
59
57
79
82
63
85
67
60
75
62
66
72
35
58
46
84
77
62
63
52
52
56
72
72
80
56
64
83
91
63
67
32
53
55
59
56
75
70
21
55
60
64
79
76
56
77
67
62
61
80
81
75
57
72
38
70
78
69
59
62
61
66
35
74
54
64
46
68
35
77
81
56
69
93
69
45
53
77
71
77
66
51
69
76
56
56
61
63
76
76
85
60
77
83
77
55
74
46
44
61
65
67
56
89
59
49
60
60
79
53
70
75
43
41
71
67
69
65
27
69
64
49
75
23
55
60
52
60
55
58
62
70
75
53
77
49
73
63
70
61
61
64
70
50
72
74
56
58
59
52
72
58
76
66
56
73
47
75
75
43
66
60
68
59
79
56
60
63
63
67
70
56
65
71
61
64
63
61
78
69
75
55
60
64
68
44
49
72
64
66
62
64
69
56
82
68
59
55
48
72
50
9
54
68
61
41
75
54
58
66
43
70
48
63
73
44
65
39
55
39
66
49
60
50
74
52
59
66
59
32
66
72
53
66
62
66
55
61
59
58
60
77
73
55
67
75
61
88
72
60
66
64
79
76
67
55
66
71
64
67
62
64
52
54
49
38
54
57
57
69
70
80
75
66
68
67
59
72
73
55
47
65
56
50
79
60
72
48
70
82
76
54
56
64
62
53
61
65
66
58
64
74
53
61
65
64
66
51
48
74
73
67
55
58
88
74
35
81
71
64
69
53
51
64
45
64
61
73
61
83
55
15
69
81
89
45
64
34
49
61
40
63
67
69
64
72
70
70
68
57
85
66
70
63
71
80
64
59
52
45
59
78
68
75
54
70
53
68
65
68
66
69
76
50
70
59
21
46
55
53
61
69
57
58
89
64
70
78
64
66
70
55
71
67
84
58
63
59
81
59
88
56
51
70
76
85
66
61
72
62
55
60
62
52
91
77
72
35
60
58
46
58
46
93
44
82
62
73
71
65
76
68
69
79
59
46
84
62
54
50
79
65
56
77
38
63
54
56
66
62
72
61
71
59
37
56
36
66
67
71
43
66
81
68
67
68
72
67
79
59
54
68
79
59
41
67
64
63
52
56
41
65
62
56
73
65
36
63
73
76
45
70
68
64
69
72
51
67
